
clear
screen 512 512
camera 0 0 5 0 0 -1 0 1 0 5 -5 -5 5 5
#camera 0 1 6 0 -.1 -1 0 1 0 5 -5 -5 5 5
background .2 .1 .6

sphere 1 0 0 -3 .02 .02 .02 .9 .9 .9 1 1 1
sphere .3 -2 -.6 -3 .02 .02 .02 .5 0 0 1 0 0
sphere .3 .2 -.6 -3 .02 .02 .02 0 .5 0 0 1 0
sphere .3 .1 -.6 -3 .12 .02 .02 0 .5 0 0 1 0
sphere .3 .3 -.6 -3 .02 .02 .02 0 .5 0 0 1 0
sphere .3 .4 -.7 -3 .02 .02 .02 0 .5 0 0 1 0
sphere .3 .5 -.6 -3 .02 .02 .02 0 .5 0 0 1 0
sphere .3 .6 -.6 -3 .02 .02 .02 0 .5 0 0 1 0
sphere .3 .7 -.3 -3 .02 .02 .02 0 .5 0 0 1 0
sphere .3 .8 -.6 -3 .05 .02 .02 0 .5 0 0 1 0
sphere .3 .9 -.6 -3 .02 .02 .02 0 .5 0 0 1 0
sphere .3 .1 -.1 -3 .02 .02 .02 0 .5 0 0 1 0
sphere 1 -5 0 -3 .02 .02 .02 1 1 1
sphere .2 0 3.866 -6.99 .02 .02 .02 1 .5 .8

triangle -2 -1.5 -1.26795 2 -1.5 -1.2679 0 -1.5 -6.4641 .1 .1 .1 .5 0 0
triangle -1 3 -6.99 1 3 -6.99 0 4.732 -6.99 .02 .02 .02 0 .3 .5

box -.75 -5 -2.25 .75 -1.51 -3.75 .02 .02 .02 .6 .6 .6
box -5 -5 -7 5 10 -8 .02 .02 .02 1 .7 0
box -4 -5.5 0 4 -5 -8 .02 .02 .02 1 0 0




ilight .2 .2 .2 0 0 -1
ilight .8 .8 .8 0 -1 -1
ilight 0 .5 0 1 1 .9

trace
