clear
screen 300 300
orthocamera
	#sphere 1 .3 0 -1 .02 .02 .02 .9 .9 .9 1
	#sphere .4 -.5 -.6 .2 .2 .02 .02 .9 .1 .1 3
	#sphere .5 .5 -.5 .7 .02 .2 .02 .1 .9 .9
sphere 120 186 150 -320 .02 .02 .02 .9 .9 .9 1 1 1
sphere 48 90 78 -176 .2 .02 .02 .9 .1 .1 3
sphere 60 210 60 -116 .02 .2 .02 .1 .9 .9

	#triangle -1000 -1000 1000 1000 -1 -1000 -1000 -1 1000 .1 .1 .1 1 1 1
	#triangle 1000 -1 1000 1000 -1 -1000 -1000 -1 1000 .1 .1 .1 1 1 1
triangle -2000 0 0 2000 100 -2000 -2000 100 -2000 .1 .1 .1 1 1 1
triangle 2000 0 0 2000 100 -2000 -2000 0 0 .1 .1 .1 1 1 1



background .2 .1 .6
ilight .8 .8 .8 .5 -1 0
trace
